0
fe
0
eb
0
8
0
0
0
0
10
50
1d
c
0
2e
80
2
0
0
0
0
3
a
0
1
0
0
2
0
0
0
0
0
0
0
0
0
0
0
0
0
0
0
0
0
0
0
0
0
0
0
0
0
0
0
0
0
0
0
0
0
0
0
0
0
0
0
0
0
0
0
0
0
0
0
0
0
0
0
0
0
0
0
0
0
0
0
0
0
0
0
0
0
0
0
0
0
0
0
0
0
0
0
0
0
0
0
0
0
0
0
0
0
0
0
1
0
0
1
0
0
0
0
0
0
0
0
60
13
0
0
4
91
20
8
f3
0
0
0
ff
0
0
a
0
0
0
0
f0
a8
c3
0
cf
0
0
0
0
0
0
0
0
0
0
0
0
0
0
0
0
0
0
0
0
0
0
0
0
0
38
0
1
2e
7c
7b
7d
a
50
0
80
2
0
0
0
0
3
0
1b
6f
40
20
80
15
f3
8e
0
0
0
0
0
0
0
0
0
0
0
0
0
0
0
0
d
0
0
f
0
0
0
0
0
0
0
0
0
0
0
0
0
0
0
69
